5,12,35,12,35,20,5,20,orem
42,9,76,9,76,22,42,22,ipsum
83,9,113,9,113,20,83,20,dolor
120,9,134,9,134,20,120,20,sit
141,10,173,10,173,22,141,22,amet,
180,10,251,10,251,20,180,20,consectetur
258,9,314,9,314,22,258,22,adipiscing
321,9,338,9,338,20,321,20,elit.
345,12,352,12,352,20,345,20,n
359,9,404,9,404,22,359,22,semper
411,9,449,9,449,20,411,20,massa
456,9,497,9,497,22,456,22,sapien,
504,9,516,9,516,20,504,20,id
523,9,568,9,568,22,523,22,pulvinar
575,10,600,10,600,20,575,20,usto
607,9,623,9,623,20,607,20,ele
5,24,56,24,56,35,5,35,mentum
63,24,113,24,113,35,63,35,tincidunt.
120,24,139,24,139,35,120,35,ras
146,24,162,24,162,35,146,35,vel
169,24,215,24,215,37,169,37,semper
222,24,252,24,252,35,222,35,enim.
259,25,296,25,296,37,259,37,nteger
303,24,336,24,336,35,303,35,tortor
343,24,363,24,363,37,343,37,nisl,
370,24,423,24,423,35,370,35,maximus
430,25,458,25,458,37,430,37,eget
465,24,495,24,495,35,465,35,dolor
502,26,519,26,519,37,502,37,eu,
526,24,569,24,569,37,526,37,pulvinar
576,24,612,24,612,35,576,35,iaculis
5,39,45,39,45,50,5,50,metus.
52,39,69,39,69,50,52,50,ulla
76,39,139,39,139,50,76,50,malesuada
146,39,197,39,197,50,146,50,convallis
204,39,223,39,223,52,204,52,nisi,
230,39,250,39,250,50,230,50,sed
257,39,302,39,302,50,257,50,dictum
309,39,353,39,353,50,309,50,mauris
360,39,404,39,404,52,360,52,gravida
411,39,429,39,429,50,411,50,uis.
436,39,450,39,450,50,436,50,ed
457,42,464,42,464,50,457,50,a
471,39,490,39,490,50,471,50,dui
497,39,517,39,517,50,497,50,nisl.
524,39,559,39,559,50,524,50,ullam
566,39,612,39,612,52,566,52,gravida
619,42,626,42,626,50,619,50,u
5,54,23,54,23,65,5,65,am
30,54,46,54,46,65,30,65,uis
53,54,97,54,97,67,53,67,dapibus
104,54,155,54,155,65,104,65,vehicula.
162,54,182,54,182,65,162,65,roin
189,54,198,54,198,65,189,65,in
205,54,242,54,242,67,205,67,sapien
249,54,275,54,275,65,249,65,orci.
282,54,328,54,328,65,282,65,ivamus
335,55,347,55,347,65,335,65,et
354,54,404,54,404,67,354,67,placerat
411,54,440,54,440,65,411,65,nibh.
447,54,477,54,477,65,447,65,liuam
484,55,512,55,512,65,484,65,erat
519,54,575,54,575,67,519,67,volutpat.
582,57,601,57,601,65,582,65,um
608,57,621,57,621,65,608,65,so
5,69,23,69,23,80,5,80,ciis
30,70,70,70,70,80,30,80,natoue
77,69,139,69,139,82,77,82,penatibus
146,70,158,70,158,80,146,80,et
165,69,212,69,212,82,165,82,magnis
219,69,235,69,235,80,219,80,dis
242,69,299,69,299,82,242,82,parturient
306,69,353,69,353,82,306,82,montes,
360,70,412,70,412,80,360,80,nascetur
419,69,464,69,464,80,419,80,ridiculus
471,72,499,72,499,80,471,80,mus.
12,84,75,84,75,97,12,97,uspendisse
82,84,132,84,132,95,82,95,rhoncus
139,84,164,84,164,95,139,95,nibh
171,84,194,84,194,95,171,95,sed
201,84,217,84,217,95,201,95,dui
224,84,272,84,272,97,224,97,dapibus
279,83,332,83,332,95,279,95,efficitur.
339,84,366,84,366,95,339,95,orbi
373,85,417,85,417,97,373,97,tempor
424,85,476,85,476,97,424,97,egestas
483,84,569,84,569,95,483,95,condimentum.
576,85,600,85,600,95,576,95,am
607,84,620,84,620,95,607,95,sit
12,99,46,99,46,110,12,110,amet
53,99,83,99,83,110,53,110,dolor
90,99,128,99,128,110,90,110,lacus.
135,102,153,102,153,110,135,110,ras
160,102,167,102,167,110,160,110,a
174,100,211,100,211,110,174,110,lectus
218,99,263,99,263,112,218,112,pulvinar,
270,100,313,100,313,112,270,112,tempor
320,102,348,102,348,110,320,110,neue
355,98,405,98,405,112,355,112,eleifend,
412,99,465,99,465,112,412,112,pharetra
472,99,498,99,498,110,472,110,felis.
505,99,525,99,525,110,505,110,roin
532,99,581,99,581,112,532,112,gravida
588,102,601,102,601,110,588,110,ex
608,102,622,102,622,110,608,110,us
5,115,10,115,10,125,5,125,t
